
NETWORTH : 99210.67000000001
LIQUID : 43440.850000000006

Assets in bank:
    SBI : 20000.49
    FED : 25196.97
    UBI : 5000.71
    UCO : 5000.08
    IPB : 1000.0
    POS : 1488.46
TOTAL : 57686.71000000001

Investments:
    ELS : 29458.0
    GLD : 10154.2
    SIL : 1157.62
    FD  : 15000.0
TOTAL : 55769.82

Liabilities:
    SBM ONECD : 7657.86
    ICICI CCD : 6588.0
    PAY LATER : 0.0
TOTAL : 14245.86
