Energy : 269.0
Food : 5289.0
Groceries : 10912.81
Investments : 10525.0
Loans : 35.0
Others : 19232.1
Rent : 14500.0
Telecom : 229.0
Transport : 1634.0
Essentials : 17835.809999999998 + 15977.7 = 33813.509999999995
Rest : 28812.400000000005
Total : 62625.91
Left: 374.0899999999965