Food : 3314.21
Groceries : 6245.83
Investments : 9000.0
Others : 18011.0
Rent : 15977.7
Transport : 419.01
Essentials : 9979.050000000001 + 15977.7 = 25956.75
Rest : 27010.999999999996
Total : 52967.75